473
-2.47417 -1 -2.5 -1
-2.44826 -1 -2.47417 -1
-2.42235 -1 -2.44826 -1
-2.5 -1 -2.5 -0.995663
-2.39645 -1 -2.42235 -1
-2.37054 -1 -2.39645 -1
2.4798 1 2.5 1
-2.5 1 -2.47414 1
-2.34463 -1 -2.37054 -1
-2.31872 -1 -2.34463 -1
-2.29282 -1 -2.31872 -1
-2.26691 -1 -2.29282 -1
-2.5 -0.995663 -2.5 -0.990459
-2.47414 1 -2.44818 1
-2.44818 1 -2.42222 1
2.45914 1 2.4798 1
-2.241 -1 -2.26691 -1
-2.5 -0.990459 -2.5 -0.979773
-2.2151 -1 -2.241 -1
-2.18919 -1 -2.2151 -1
-2.42222 1 -2.39626 1
-2.39626 1 -2.3703 1
2.438 1 2.45914 1
-2.5 0.995714 -2.5 1
-2.16328 -1 -2.18919 -1
-2.13737 -1 -2.16328 -1
-2.11147 -1 -2.13737 -1
-2.08556 -1 -2.11147 -1
-2.3703 1 -2.34434 1
-2.34434 1 -2.31838 1
2.41637 1 2.438 1
-2.5 -0.979773 -2.5 -0.966243
-2.05965 -1 -2.08556 -1
-2.31838 1 -2.29242 1
-2.29242 1 -2.26646 1
2.39425 1 2.41637 1
-2.5 0.990571 -2.5 0.995714
-2.03375 -1 -2.05965 -1
-2.00784 -1 -2.03375 -1
-1.98193 -1 -2.00784 -1
-2.26646 1 -2.2405 1
-2.2405 1 -2.21454 1
-2.21454 1 -2.18858 1
-2.18858 1 -2.16262 1
2.37162 1 2.39425 1
-2.5 -0.966243 -2.5 -0.942821
2.34846 1 2.37162 1
-1.95602 -1 -1.98193 -1
-1.93012 -1 -1.95602 -1
-2.16262 1 -2.13666 1
-2.13666 1 -2.1107 1
-2.5 0.980765 -2.5 0.990571
2.32478 1 2.34846 1
-2.5 -0.942821 -2.5 -0.909765
2.30054 1 2.32478 1
-2.5 0.965678 -2.5 0.980765
2.27575 1 2.30054 1
-2.5 -0.909765 -2.5 -0.866633
2.25039 1 2.27575 1
-2.5 0.944329 -2.5 0.965678
2.22459 1 2.25039 1
-1.90421 -1 -1.93012 -1
-2.1107 1 -2.08474 1
-2.08474 1 -2.05878 1
-2.5 -0.866633 -2.5 -0.813449
2.19863 1 2.22459 1
-2.5 0.908297 -2.5 0.944329
2.17267 1 2.19863 1
-2.5 -0.813449 -2.5 -0.762151
2.14671 1 2.17267 1
-2.5 0.864819 -2.5 0.908297
2.12075 1 2.14671 1
-2.5 -0.762151 -2.5 -0.712122
2.09479 1 2.12075 1
-2.5 -0.712122 -2.5 -0.661565
2.06883 1 2.09479 1
-2.5 0.821342 -2.5 0.864819
2.04287 1 2.06883 1
-1.8783 -1 -1.90421 -1
-1.8524 -1 -1.8783 -1
-2.05878 1 -2.03282 1
-2.03282 1 -2.00686 1
-1.82649 -1 -1.8524 -1
-2.00686 1 -1.9809 1
-1.9809 1 -1.95494 1
-1.80058 -1 -1.82649 -1
-1.77467 -1 -1.80058 -1
-1.95494 1 -1.92898 1
-1.92898 1 -1.90302 1
-1.74877 -1 -1.77467 -1
-1.72286 -1 -1.74877 -1
-1.90302 1 -1.87706 1
-1.87706 1 -1.8511 1
-1.8511 1 -1.82514 1
-1.82514 1 -1.79919 1
-1.69695 -1 -1.72286 -1
-1.67105 -1 -1.69695 -1
-1.79919 1 -1.77323 1
-1.77323 1 -1.74727 1
-1.64514 -1 -1.67105 -1
-1.61923 -1 -1.64514 -1
-1.74727 1 -1.72131 1
-1.72131 1 -1.69535 1
-1.59332 -1 -1.61923 -1
-1.56742 -1 -1.59332 -1
-1.54151 -1 -1.56742 -1
-1.5156 -1 -1.54151 -1
-1.69535 1 -1.66939 1
-1.66939 1 -1.64343 1
-1.4897 -1 -1.5156 -1
-1.46379 -1 -1.4897 -1
-1.43788 -1 -1.46379 -1
-1.41197 -1 -1.43788 -1
-1.64343 1 -1.61747 1
-1.61747 1 -1.59151 1
-1.59151 1 -1.56555 1
-1.56555 1 -1.53959 1
-1.38607 -1 -1.41197 -1
-1.36016 -1 -1.38607 -1
-1.53959 1 -1.51363 1
-1.51363 1 -1.48767 1
-1.33425 -1 -1.36016 -1
-1.30835 -1 -1.33425 -1
-1.48767 1 -1.46171 1
-1.46171 1 -1.43575 1
-1.28244 -1 -1.30835 -1
-1.25653 -1 -1.28244 -1
-1.23062 -1 -1.25653 -1
-1.20472 -1 -1.23062 -1
-1.17881 -1 -1.20472 -1
-1.1529 -1 -1.17881 -1
-1.43575 1 -1.40979 1
-1.40979 1 -1.38383 1
-1.127 -1 -1.1529 -1
-1.10109 -1 -1.127 -1
-1.38383 1 -1.35787 1
-1.35787 1 -1.33191 1
-1.07518 -1 -1.10109 -1
-1.04928 -1 -1.07518 -1
-1.02337 -1 -1.04928 -1
-0.997461 -1 -1.02337 -1
-1.33191 1 -1.30595 1
-1.30595 1 -1.27999 1
-0.971554 -1 -0.997461 -1
-0.945647 -1 -0.971554 -1
-1.27999 1 -1.25403 1
-0.919739 -1 -0.945647 -1
-1.25403 1 -1.22807 1
-0.893832 -1 -0.919739 -1
-0.867925 -1 -0.893832 -1
-1.22807 1 -1.20211 1
-1.20211 1 -1.17615 1
-0.842018 -1 -0.867925 -1
-1.17615 1 -1.15019 1
-1.15019 1 -1.12423 1
-0.816111 -1 -0.842018 -1
-0.790204 -1 -0.816111 -1
-0.764297 -1 -0.790204 -1
-1.12423 1 -1.09827 1
-1.09827 1 -1.07231 1
-0.73839 -1 -0.764297 -1
-0.712483 -1 -0.73839 -1
-0.686575 -1 -0.712483 -1
-1.07231 1 -1.04635 1
-1.04635 1 -1.02039 1
-0.660668 -1 -0.686575 -1
-1.02039 1 -0.994431 1
-0.994431 1 -0.968471 1
-0.634761 -1 -0.660668 -1
-0.968471 1 -0.942511 1
-0.942511 1 -0.916552 1
-0.608854 -1 -0.634761 -1
-0.582947 -1 -0.608854 -1
-0.55704 -1 -0.582947 -1
-0.531133 -1 -0.55704 -1
-0.916552 1 -0.890592 1
-0.890592 1 -0.864632 1
-0.864632 1 -0.838672 1
-0.838672 1 -0.812712 1
-0.505226 -1 -0.531133 -1
-0.812712 1 -0.786752 1
-0.786752 1 -0.760793 1
-0.479318 -1 -0.505226 -1
-0.453411 -1 -0.479318 -1
-0.427504 -1 -0.453411 -1
-0.760793 1 -0.734833 1
-0.734833 1 -0.708873 1
-0.401597 -1 -0.427504 -1
-0.708873 1 -0.682913 1
-0.682913 1 -0.656953 1
-0.656953 1 -0.630994 1
-0.630994 1 -0.605034 1
-0.37569 -1 -0.401597 -1
-0.605034 1 -0.579074 1
-0.579074 1 -0.553114 1
-0.349783 -1 -0.37569 -1
-0.323876 -1 -0.349783 -1
-0.297969 -1 -0.323876 -1
-0.553114 1 -0.527154 1
-0.527154 1 -0.501195 1
-0.272062 -1 -0.297969 -1
-0.246154 -1 -0.272062 -1
-0.501195 1 -0.475235 1
-0.475235 1 -0.449275 1
-0.449275 1 -0.423315 1
-0.423315 1 -0.397355 1
-0.397355 1 -0.371396 1
-0.220247 -1 -0.246154 -1
-0.19434 -1 -0.220247 -1
-0.168433 -1 -0.19434 -1
-0.142526 -1 -0.168433 -1
-0.371396 1 -0.345436 1
-0.116619 -1 -0.142526 -1
-0.345436 1 -0.319476 1
-0.319476 1 -0.293516 1
-0.293516 1 -0.267556 1
-0.0907117 -1 -0.116619 -1
-0.0648046 -1 -0.0907117 -1
-0.0388975 -1 -0.0648046 -1
-0.267556 1 -0.241596 1
-0.241596 1 -0.215637 1
-0.0129904 -1 -0.0388975 -1
-0.215637 1 -0.189677 1
-0.189677 1 -0.163717 1
-0.163717 1 -0.137757 1
0.0129167 -1 -0.0129904 -1
0.0388239 -1 0.0129167 -1
0.064731 -1 0.0388239 -1
0.0906381 -1 0.064731 -1
0.116545 -1 0.0906381 -1
0.142452 -1 0.116545 -1
0.168359 -1 0.142452 -1
-0.137757 1 -0.111797 1
-0.111797 1 -0.0858376 1
0.194267 -1 0.168359 -1
-0.0858376 1 -0.0598778 1
-0.0598778 1 -0.033918 1
0.220174 -1 0.194267 -1
0.246081 -1 0.220174 -1
0.271988 -1 0.246081 -1
-0.033918 1 -0.00795818 1
0.297895 -1 0.271988 -1
-0.00795818 1 0.0180016 1
0.0180016 1 0.0439614 1
0.0439614 1 0.0699213 1
0.0699213 1 0.0958811 1
0.323802 -1 0.297895 -1
0.349709 -1 0.323802 -1
0.0958811 1 0.121841 1
0.121841 1 0.147801 1
0.375616 -1 0.349709 -1
0.147801 1 0.17376 1
0.17376 1 0.19972 1
0.19972 1 0.22568 1
0.401523 -1 0.375616 -1
0.427431 -1 0.401523 -1
0.453338 -1 0.427431 -1
0.479245 -1 0.453338 -1
0.22568 1 0.25164 1
0.505152 -1 0.479245 -1
0.25164 1 0.2776 1
0.2776 1 0.30356 1
0.531059 -1 0.505152 -1
0.556966 -1 0.531059 -1
0.582873 -1 0.556966 -1
0.30356 1 0.329519 1
0.329519 1 0.355479 1
0.60878 -1 0.582873 -1
0.634688 -1 0.60878 -1
0.355479 1 0.381439 1
0.660595 -1 0.634688 -1
0.686502 -1 0.660595 -1
0.712409 -1 0.686502 -1
0.738316 -1 0.712409 -1
0.381439 1 0.407399 1
0.407399 1 0.433359 1
0.433359 1 0.459318 1
0.764223 -1 0.738316 -1
0.79013 -1 0.764223 -1
0.816037 -1 0.79013 -1
0.459318 1 0.485278 1
0.485278 1 0.511238 1
0.841944 -1 0.816037 -1
0.867852 -1 0.841944 -1
0.893759 -1 0.867852 -1
0.919666 -1 0.893759 -1
0.511238 1 0.537198 1
0.945573 -1 0.919666 -1
0.537198 1 0.563158 1
0.563158 1 0.589117 1
0.97148 -1 0.945573 -1
0.997387 -1 0.97148 -1
1.02329 -1 0.997387 -1
1.0492 -1 1.02329 -1
1.07511 -1 1.0492 -1
1.10102 -1 1.07511 -1
1.12692 -1 1.10102 -1
1.15283 -1 1.12692 -1
1.17874 -1 1.15283 -1
1.20464 -1 1.17874 -1
1.23055 -1 1.20464 -1
1.25646 -1 1.23055 -1
1.28237 -1 1.25646 -1
1.30827 -1 1.28237 -1
0.589117 1 0.615077 1
0.615077 1 0.641037 1
1.33418 -1 1.30827 -1
1.36009 -1 1.33418 -1
1.38599 -1 1.36009 -1
1.4119 -1 1.38599 -1
0.641037 1 0.666997 1
0.666997 1 0.692957 1
0.692957 1 0.718917 1
1.43781 -1 1.4119 -1
1.46372 -1 1.43781 -1
0.718917 1 0.744876 1
0.744876 1 0.770836 1
1.48962 -1 1.46372 -1
1.51553 -1 1.48962 -1
1.54144 -1 1.51553 -1
1.56734 -1 1.54144 -1
0.770836 1 0.796796 1
0.796796 1 0.822756 1
1.59325 -1 1.56734 -1
1.61916 -1 1.59325 -1
1.64507 -1 1.61916 -1
1.67097 -1 1.64507 -1
1.69688 -1 1.67097 -1
0.822756 1 0.848716 1
0.848716 1 0.874675 1
1.72279 -1 1.69688 -1
1.74869 -1 1.72279 -1
0.874675 1 0.900635 1
0.900635 1 0.926595 1
0.926595 1 0.952555 1
1.7746 -1 1.74869 -1
1.80051 -1 1.7746 -1
1.82641 -1 1.80051 -1
1.85232 -1 1.82641 -1
1.87823 -1 1.85232 -1
1.90414 -1 1.87823 -1
0.952555 1 0.978515 1
0.978515 1 1.00447 1
1.93004 -1 1.90414 -1
1.00447 1 1.03043 1
1.03043 1 1.05639 1
1.95595 -1 1.93004 -1
1.98186 -1 1.95595 -1
2.00776 -1 1.98186 -1
2.03367 -1 2.00776 -1
2.05958 -1 2.03367 -1
2.08549 -1 2.05958 -1
1.05639 1 1.08235 1
2.11139 -1 2.08549 -1
2.1373 -1 2.11139 -1
2.16321 -1 2.1373 -1
2.18911 -1 2.16321 -1
2.21502 -1 2.18911 -1
2.24093 -1 2.21502 -1
2.26684 -1 2.24093 -1
2.29274 -1 2.26684 -1
2.31865 -1 2.29274 -1
2.34456 -1 2.31865 -1
1.08235 1 1.10831 1
1.10831 1 1.13427 1
2.37046 -1 2.34456 -1
2.39637 -1 2.37046 -1
2.42228 -1 2.39637 -1
1.13427 1 1.16023 1
1.16023 1 1.18619 1
2.44819 -1 2.42228 -1
2.47409 -1 2.44819 -1
1.18619 1 1.21215 1
1.21215 1 1.23811 1
1.23811 1 1.26407 1
2.5 -1 2.47409 -1
1.26407 1 1.29003 1
-2.5 -0.661565 -2.5 -0.606831
1.29003 1 1.31599 1
1.31599 1 1.34195 1
-2.5 -0.606831 -2.5 -0.547579
1.34195 1 1.36791 1
1.36791 1 1.39387 1
-2.5 -0.547579 -2.5 -0.483435
1.39387 1 1.41983 1
1.41983 1 1.44579 1
-2.5 -0.483435 -2.5 -0.415821
1.44579 1 1.47175 1
-2.5 -0.415821 -2.5 -0.346872
1.47175 1 1.49771 1
1.49771 1 1.52367 1
1.52367 1 1.54963 1
1.54963 1 1.57559 1
-2.5 -0.346872 -2.5 -0.277498
1.57559 1 1.60155 1
-2.5 -0.277498 -2.5 -0.208124
1.60155 1 1.62751 1
1.62751 1 1.65347 1
-2.5 -0.208124 -2.5 -0.138749
1.65347 1 1.67943 1
1.67943 1 1.70539 1
-2.5 -0.138749 -2.5 -0.0693747
1.70539 1 1.73135 1
1.73135 1 1.75731 1
-2.5 0.764973 -2.5 0.821342
1.75731 1 1.78327 1
-2.5 0.712125 -2.5 0.764973
1.78327 1 1.80923 1
-2.5 0.661566 -2.5 0.712125
1.80923 1 1.83519 1
-2.5 -0.0693747 -2.5 5.5368e-008
1.83519 1 1.86115 1
-2.5 0.606832 -2.5 0.661566
1.86115 1 1.88711 1
-2.5 5.5368e-008 -2.5 0.0693748
1.88711 1 1.91307 1
-2.5 0.0693748 -2.5 0.13875
1.91307 1 1.93903 1
-2.5 0.13875 -2.5 0.208124
1.93903 1 1.96499 1
-2.5 0.208124 -2.5 0.277498
1.96499 1 1.99095 1
-2.5 0.277498 -2.5 0.346873
1.99095 1 2.01691 1
-2.5 0.346873 -2.5 0.415822
2.01691 1 2.04287 1
-2.5 0.415822 -2.5 0.483436
-2.5 0.54758 -2.5 0.606832
-2.5 0.483436 -2.5 0.54758
2.5 -0.995687 2.5 -1
2.5 -0.990511 2.5 -0.995687
2.5 -0.981416 2.5 -0.990511
2.5 -0.966292 2.5 -0.981416
2.5 -0.943322 2.5 -0.966292
2.5 -0.908521 2.5 -0.943322
2.5 -0.867102 2.5 -0.908521
2.5 -0.812001 2.5 -0.867102
2.5 -0.762669 2.5 -0.812001
2.5 -0.714854 2.5 -0.762669
2.5 -0.665687 2.5 -0.714854
2.5 -0.61217 2.5 -0.665687
2.5 -0.555923 2.5 -0.61217
2.5 -0.49324 2.5 -0.555923
2.5 -0.426548 2.5 -0.49324
2.5 -0.358458 2.5 -0.426548
2.5 -0.289807 2.5 -0.358458
2.5 -0.221122 2.5 -0.289807
2.5 -0.152436 2.5 -0.221122
2.5 -0.0837504 2.5 -0.152436
2.5 -0.0150647 2.5 -0.0837504
2.5 0.053621 2.5 -0.0150647
2.5 0.122307 2.5 0.053621
2.5 0.190992 2.5 0.122307
2.5 0.259678 2.5 0.190992
2.5 0.328363 2.5 0.259678
2.5 0.396892 2.5 0.328363
2.5 0.463842 2.5 0.396892
2.5 0.525943 2.5 0.463842
2.5 0.584159 2.5 0.525943
2.5 0.637823 2.5 0.584159
2.5 0.687321 2.5 0.637823
2.5 0.733352 2.5 0.687321
2.5 0.775395 2.5 0.733352
2.5 0.813658 2.5 0.775395
2.5 0.848328 2.5 0.813658
2.5 0.880139 2.5 0.848328
2.5 0.908577 2.5 0.880139
2.5 0.934225 2.5 0.908577
2.5 0.98 2.5 0.958029
2.5 0.958029 2.5 0.934225
2.5 0.992365 2.5 0.98
2.5 1 2.5 0.99653
2.5 0.99653 2.5 0.992365
